[pred - Top++_paper_8000_pole]
xshift   = 1.6900000000000000e+02
yshift   = 3.3241076660156250e+02
par0     = -5.3109131541346002e+01
par1     = -8.3610127978405426e+00
par2     = 1.3985897089133115e-01
par3     = -1.7835335538683495e-03
par4     = 1.9440567627086736e-05
par5     = -2.0097111101380061e-07
par6     = 1.8384017183326355e-09
relerr   = true
scaleerrup   = 3.4000001847743988e-02
scaleerrdown = -3.4000001847743988e-02
pdferrup     = 2.6000000536441803e-02
pdferrdown   = -2.6000000536441803e-02
alphasup     = 0
alphasdown   = 0
adderrup     = 1.72e-2
adderrdown   = -1.72e-2
[end pred]

[pred - Top++_paper_7000_pole]
xshift   = 1.6900000000000000e+02
yshift   = 2.3723623657226562e+02
par0     = -4.1084124224909033e+01
par1     = -6.0547121876886054e+00
par2     = 1.0774006091506116e-01
par3     = -1.4391278972435966e-03
par4     = 1.6225534218174825e-05
par5     = -1.7225366068618323e-07
par6     = 1.6029338762154157e-09
relerr   = true
scaleerrup   = 3.4000001847743988e-02
scaleerrdown = -3.4000001847743988e-02
pdferrup     = 2.8000000864267349e-02
pdferrdown   = -2.8000000864267349e-02
alphasup     = 0
alphasdown   = 0
adderrup     = 1.79e-2
adderrdown   = -1.79e-2
[end pred]

